BUILDING_IDs=[200]
#BUILDING_IDs=[98,99,100,103,105,110,112,114,116,118,120,121,122,123,125,127,129,131,132,134,135,137,139,141,142,146,147,148,151,154,155,157,158,160,164,165,166,167,170,172,173,175,176,177,179,187,188,191,194,200,205,206,210,217,220,225,226,230,234,236,239,242,248,249,250,252,253,256,258,260,264,274,275,277,282,285,294,297,307,316,322,327,332,350,353,372,373,380,381,384,386,390,392,393,394,399,418,420,423,426,434,438,439,440,442,450,460,476,484,485,486,487,488,489,503]
SAVE_CSV=False
CURTAILMENT=True
ST_TIER_1=01/01/2022
ST_TIER_2=01/07/2022
ST_TIER_3=01/10/2022
RESIDENTIAL_TOU_1=[1.8,1.8,1.8,1.8,1.8,1.8,1.8,1.8,9.44,9.44,9.44,9.44,9.44,9.44,9.44,9.44,9.44,9.44,9.44,9.44,9.44,9.44,9.44,9.44]
RESIDENTIAL_TOU_2=[1.8,1.8,1.8,1.8,1.8,1.8,1.8,1.8,25.5,25.5,25.5,25.5,25.5,25.5,25.5,25.5,25.5,25.5,25.5,25.5,25.5,25.5,25.5,25.5]
RESIDENTIAL_TOU_3=[1.8,1.8,1.8,1.8,1.8,1.8,1.8,1.8,9.44,9.44,9.44,9.44,9.44,9.44,9.44,9.44,9.44,9.44,9.44,9.44,9.44,9.44,9.44,9.44]
BUSINESS_TOU_1=[1.38,1.38,1.38,1.38,1.38,1.38,1.38,1.38,18.62,18.62,18.62,18.62,18.62,18.62,18.62,18.62,18.62,18.62,18.62,18.62,18.62,18.62,18.62,18.62]
BUSINESS_TOU_2=[1.38,1.38,1.38,1.38,1.38,1.38,1.38,1.38,37.82,37.82,37.82,37.82,37.82,37.82,37.82,37.82,37.82,37.82,37.82,37.82,37.82,37.82,37.82,37.82]
BUSINESS_TOU_3=[1.38,1.38,1.38,1.38,1.38,1.38,1.38,1.38,18.62,18.62,18.62,18.62,18.62,18.62,18.62,18.62,18.62,18.62,18.62,18.62,18.62,18.62,18.62,18.62]
ONBOARD_API_KEY=ONBOARD_API_KEY